-2.8
-2.8
-2.129166667
-0.758333333
-1.404166667
-0.933333333
-0.9625
-2.495833333
-1.55
-2.183333333
-1.091666667
-1.2625
-2.85
-0.370833333
-1.608333333
2.1625
1.591666667
0.879166667
1.208333333
1.75
1.831578947
4.245833333
3.458333333
0.120833333
2.345833333
1.870833333
0.916666667
-5.629166667
-1.983333333
-0.679166667
-2.425
-2.166666667
-1.633333333
-0.966666667
-0.929166667
6.5625
1.1375
-0.954166667
-1.841666667
-2.516666667
3.725
2.725
0.445833333
-1.170833333
-1.033333333
0.595833333
-2.079166667
-1.641666667
0.2125
1.9125
7.0875
1.4125
-0.083333333
-2.258333333
-2.291666667
-1.941666667
-2.054166667
-2.141666667
-2.4125
-3.0625
-2.8625
-1.316666667