4.329166667
2.504166667
3.008333333
2.304166667
2.745833333
2.804166667
2.454166667
3.108333333
1.4625
-0.108333333
1.816666667
1.095833333
2.408333333
1.658333333
-2.3125
-1.816666667
-1.245833333
-1.029166667
-1.395833333
-0.836842105
-5.754166667
-3.6125
-2.420833333
-1.05
0.291666667
-1.120833333
5.9
2.495833333
1.4
1.825
2.133333333
1.15
1.783333333
0.420833333
-1.7375
3.508333333
3.0375
2.891666667
2.420833333
-2.254166667
3.766666667
-0.358333333
1.904166667
2.195833333
-4.333333333
2.6875
-0.725
-1.1125
-1.745833333
-4.733333333
-2.75
-1.245833333
4.229166667
3.508333333
2.75
2.229166667
2.583333333
2.954166667
1.883333333
1.3875