1030.675
1030.675
1026.6625
1026.9
1029.15
1027.5375
1021.0875
1015.15
1002.5375
993.9
996.275
1006.9375
1010.05
1013.6875
1008.625
1004.7375
1001.975
1010.6875
1008.1875
1007.35
1014.5875
1014.1375
1015.628571
1011.2625
1012.95
1007.9375
999.025
997.075
1009.5125
1007.45
993.825
1001.6875
995.525
995.9125
994.225
1000.0375
1005.4125
1006.5125
1008.1
1011.725
1018.475
1021.95
1016.425
1008.525
1007.0375
1006.7125
1010.35
1015.85
1016.775
1015.3125
1011.275
1007.35
1008.8125
1020.475
1025.7125
1019.025
1016.7375
1008.2625
1003.8125
1005.64
1009.65
1005.5625