0.275
0.275
-0.083333333
0.258333333
-0.158333333
-0.2375
0.504166667
0.658333333
0.704166667
-0.533333333
-0.8125
-0.320833333
-1.025
0.895833333
-0.4875
-0.783333333
0.7
-0.104166667
0.3625
-0.808333333
0.394736842
0.004166667
-0.875
1.708333333
0.9
-0.316666667
0.808333333
-0.066666667
0.241666667
0.208333333
0.2125
-0.270833333
-0.5375
-0.420833333
0.045833333
0.779166667
2.616666667
0.45
0.083333333
0.458333333
-2.370833333
2.4375
-0.183333333
-0.395833333
0.225
-4.333333333
-0.366666667
-0.441666667
-1.004166667
-0.016666667
-1.054166667
-1.304166667
-0.2
-1.083333333
-0.995833333
-0.929166667
-0.195833333
0.154166667
0.483333333
-0.525
-0.016666667
-0.204166667